[gd_scene load_steps=12 format=3 uid="uid://btup0vbh2kcb"]

[ext_resource type="Script" path="res://scripts/main.gd" id="1_7ljo0"]
[ext_resource type="PackedScene" uid="uid://ruywunlp6wqx" path="res://scenes/hitter.tscn" id="2_3cwgs"]
[ext_resource type="Script" path="res://scripts/TopCamera.gd" id="2_73lrt"]
[ext_resource type="PackedScene" uid="uid://b8arxaa6u4qve" path="res://scenes/pen.tscn" id="4_ylbr7"]

[sub_resource type="PhysicsMaterial" id="PhysicsMaterial_ucqhm"]

[sub_resource type="BoxShape3D" id="BoxShape3D_vqb3i"]
size = Vector3(260, 10, 100)

[sub_resource type="StandardMaterial3D" id="StandardMaterial3D_g0vf0"]

[sub_resource type="BoxMesh" id="BoxMesh_mwlsb"]
material = SubResource("StandardMaterial3D_g0vf0")
size = Vector3(260, 10, 100)

[sub_resource type="PhysicsMaterial" id="PhysicsMaterial_16nmp"]

[sub_resource type="StandardMaterial3D" id="StandardMaterial3D_w7bam"]
albedo_color = Color(0.586113, 0.228811, 0.00230633, 1)

[sub_resource type="BoxMesh" id="BoxMesh_l0nhr"]
material = SubResource("StandardMaterial3D_w7bam")
size = Vector3(260, 10, 100)

[node name="Main" type="Node3D"]
script = ExtResource("1_7ljo0")

[node name="SchoolDesk" type="StaticBody3D" parent="."]
disable_mode = 1
physics_material_override = SubResource("PhysicsMaterial_ucqhm")

[node name="CollisionShape3D" type="CollisionShape3D" parent="SchoolDesk"]
transform = Transform3D(1, 0, 0, 0, 1, 0, 0, 0, 1, -0.0394859, 0, -0.00430298)
shape = SubResource("BoxShape3D_vqb3i")

[node name="MeshInstance3D" type="MeshInstance3D" parent="SchoolDesk"]
transform = Transform3D(1, 0, 0, 0, 1, 0, 0, 0, 1, -0.48098, 0, 0)
mesh = SubResource("BoxMesh_mwlsb")

[node name="SchoolFloor" type="StaticBody3D" parent="."]
transform = Transform3D(3.64, 0, 0, 0, 1, 0, 0, 0, 3.42, 0, -36, 0)
disable_mode = 1
physics_material_override = SubResource("PhysicsMaterial_16nmp")

[node name="CollisionShape3D" type="CollisionShape3D" parent="SchoolFloor"]
transform = Transform3D(1, 0, 0, 0, 1, 0, 0, 0, 1, -0.0394859, 0, -0.00430298)
shape = SubResource("BoxShape3D_vqb3i")

[node name="MeshInstance3D" type="MeshInstance3D" parent="SchoolFloor"]
transform = Transform3D(1, 0, 0, 0, 1, 0, 0, 0, 1, -0.48098, 0, 0)
mesh = SubResource("BoxMesh_l0nhr")

[node name="LeftLight" type="DirectionalLight3D" parent="."]
transform = Transform3D(1, 0, 0, 0, 0.454037, 0.890983, 0, -0.890983, 0.454037, 100, 200, 0)
light_energy = 2.0
shadow_enabled = true
directional_shadow_mode = 0

[node name="RightLight" type="DirectionalLight3D" parent="."]
transform = Transform3D(1, 0, 0, 0, 0.980512, 0.19646, 0, -0.19646, 0.980512, -100, 200, 0)
light_energy = 5.0
shadow_enabled = true

[node name="TopCamera" type="Camera3D" parent="."]
transform = Transform3D(1, 0, 0, 0, -4.37114e-08, 1, 0, -1, -4.37114e-08, 0, 100, 0)
projection = 1
size = 180.0
far = 1000.0
script = ExtResource("2_73lrt")

[node name="FrontCamera" type="Camera3D" parent="."]
transform = Transform3D(-4.37114e-08, 0, -1, 0, 1, 0, 1, 0, -4.37114e-08, -208.239, 47.8848, 0)
projection = 1
size = 100.0

[node name="PlayerViewCamera" type="Camera3D" parent="."]
transform = Transform3D(0.586737, 0.23168, -0.775928, 0.0478462, 0.946606, 0.318822, 0.808363, -0.22419, 0.544324, -159.672, 39.7062, 63.4457)
size = 100.0

[node name="OpponentViewCamera" type="Camera3D" parent="."]
transform = Transform3D(0.519558, -0.296195, 0.801454, 0.0478462, 0.946606, 0.318822, -0.853094, -0.1273, 0.505989, 153.307, 30.9966, 76.8271)
size = 100.0

[node name="Hitter" parent="." instance=ExtResource("2_3cwgs")]
transform = Transform3D(2.51871, 0, 0, 0, 21.0442, 0, 0, 0, 5.45199, 0, 6, -0.0702267)

[node name="PlayerPen" parent="." instance=ExtResource("4_ylbr7")]
transform = Transform3D(-4.37114e-08, 0, 1, 0, 1, 0, -1, 0, -4.37114e-08, -20, 8.09302, 0)

[node name="OpponentPen" parent="." instance=ExtResource("4_ylbr7")]
transform = Transform3D(-4.37114e-08, 0, -1, 0, 1, 0, 1, 0, -4.37114e-08, 20, 8.09302, 0)
